1
1
3
4
5
6
6
6
9
10
11
13
17
17
19
20
21
22
23
25
29
29
30
30
31
31
32
32
32
33
35
36
37
37
38
38
41
41
41
42
44
45
45
45
49
49
50
52
52
53
53
55
56
56
57
58
59
60
61
62
62
63
64
64
65
66
69
71
71
72
72
73
75
76
76
78
78
80
83
83
85
85
86
86
88
90
92
93
98
99
99
100
102
102
102
105
105
105
106
110
111
112
118
119
121
123
124
124
126
126
126
126
127
127
128
128
129
131
131
132
134
135
135
135
136
137
138
140
140
140
144
144
146
147
148
148
150
152
153
154
156
156
157
159
160
161
162
162
162
164
164
167
167
167
169
169
170
170
170
171
172
172
173
173
174
174
175
176
179
182
183
183
183
184
185
185
188
189
191
193
194
194
196
197
199
200
201
201
204
204
205
205
205
208
209
210
211
211
212
213
215
215
217
218
219
219
220
221
223
223
224
225
225
226
228
228
228
229
229
234
235
236
237
237
237
238
240
241
242
243
243
243
246
247
248
250
250
251
252
252
252
252
252
253
253
256
256
256
256
257
257
259
261
262
263
268
275
277
277
278
278
279
281
283
285
285
285
287
287
288
290
292
292
293
293
293
294
294
294
294
295
295
297
297
298
300
300
301
302
302
303
303
304
306
308
308
309
311
311
314
314
316
317
317
324
326
326
328
329
329
330
330
331
334
336
337
337
338
338
338
338
339
339
340
340
342
343
343
345
345
348
348
350
350
353
354
354
354
355
355
356
357
358
362
362
363
363
364
366
366
366
366
370
370
372
373
374
376
376
378
380
382
383
383
384
384
385
387
388
389
391
391
393
393
394
395
395
396
398
398
400
401
402
402
403
404
404
405
406
406
409
409
410
411
411
413
413
414
415
416
416
416
417
417
419
420
420
421
421
421
424
424
425
425
428
428
429
430
431
431
431
431
432
432
433
434
435
435
436
437
442
442
443
444
446
446
446
447
448
448
449
450
452
453
454
455
455
456
456
456
458
459
460
461
462
464
465
465
467
469
475
477
480
480
481
482
482
484
487
490
490
491
494
494
494
495
495
495
496
497
497
497
498
500
501
502
506
508
511
514
514
515
516
516
518
519
519
521
522
523
526
527
530
533
533
534
534
534
535
536
537
538
540
540
540
541
541
541
542
542
543
544
544
545
546
548
548
549
549
550
550
550
552
552
552
553
554
554
554
557
558
559
559
562
563
564
567
567
567
568
570
571
571
571
572
572
572
574
575
576
577
577
579
581
583
584
585
585
585
585
587
587
587
588
588
590
591
593
595
595
596
597
601
602
602
606
607
607
608
610
610
611
612
612
613
613
614
614
614
615
615
615
616
617
617
618
618
618
620
620
621
621
622
622
624
625
625
626
629
630
630
631
632
632
633
635
635
638
639
641
643
643
644
645
645
646
648
649
650
650
652
652
652
653
653
655
655
655
655
658
659
659
659
662
663
663
667
669
669
669
669
670
673
673
674
676
677
678
681
682
683
686
689
693
693
694
696
696
697
698
698
700
702
702
704
705
706
707
712
713
714
715
717
718
719
719
722
722
723
725
726
726
727
728
728
729
731
731
733
735
736
737
739
739
740
741
743
744
744
746
746
747
747
748
748
749
749
749
750
750
751
752
753
754
754
754
756
756
757
758
759
761
762
763
763
764
766
766
767
767
768
768
769
770
771
771
773
775
775
776
778
778
780
781
782
784
786
786
786
790
790
791
792
792
793
793
793
793
794
796
797
797
797
797
798
799
801
802
803
805
806
808
808
808
810
811
813
813
814
815
816
816
816
816
817
818
819
820
820
821
824
824
825
826
828
829
829
829
830
834
835
837
838
840
840
840
840
841
841
842
843
843
844
845
847
847
848
848
849
850
850
850
850
850
852
855
855
856
856
858
860
862
863
863
863
863
865
868
869
870
870
870
871
872
872
873
874
875
876
877
878
878
879
880
880
880
882
882
882
884
884
885
885
886
887
887
889
890
891
891
893
895
895
896
896
898
898
898
899
899
900
902
903
904
904
904
905
908
911
913
913
913
914
914
915
915
917
917
919
919
919
921
921
923
923
923
924
926
930
931
932
933
935
935
936
936
936
938
938
940
943
943
943
945
947
948
949
951
951
952
954
954
957
957
959
961
962
963
964
965
965
966
966
967
968
968
970
970
970
972
972
972
975
978
979
981
982
983
984
986
988
988
988
991
991
991
993
995
996
996
999
1000
1000
1000
1000
1001
1002
1003
1004
1004
1005
1005
1007
1007
1008
1012
1012
1017
1019
1019
1022
1022
1022
1022
1023
1024
1025
1025
1026
1026
1027
1027
1028
1028
1030
1030
1030
1031
1034
1039
1040
1040
1041
1041
1042
1045
1049
1050
1050
1051
1052
1052
1053
1054
1056
1057
1057
1058
1062
1063
1063
1065
1066
1070
1071
1071
1072
1073
1074
1076
1076
1078
1079
1080
1080
1082
1086
1086
1088
1088
1088
1089
1089
1090
1090
1091
1092
1092
1093
1094
1094
1095
1096
1096
1096
1096
1096
1099
1100
1101
1102
1103
1103
1104
1105
1106
1106
1106
1107
1107
1108
1108
1109
1110
1110
1110
1111
1112
1112
1118
1118
1119
1119
1120
1123
1125
1125
1130
1132
1133
1133
1134
1138
1139
1140
1141
1142
1143
1143
1144
1147
1148
1150
1152
1152
1159
1161
1161
1164
1164
1166
1168
1169
1171
1171
1172
1173
1174
1175
1177
1177
1179
1182
1185
1186
1187
1187
1188
1189
1191
1191
1192
1194
1195
1196
1196
1196
1198
1199
1199
1200
1203
1205
1208
1208
1208
1211
1211
1213
1213
1214
1215
1217
1218
1220
1221
1222
1222
1225
1225
1227
1228
1229
1231
1232
1232
1233
1235
1236
1236
1236
1238
1241
1242
1242
1242
1244
1246
1251
1252
1255
1258
1259
1260
1261
1262
1262
1263
1264
1265
1265
1265
1265
1266
1268
1270
1271
1272
1275
1276
1278
1280
1282
1282
1283
1283
1284
1285
1286
1289
1291
1291
1291
1291
1292
1292
1293
1294
1295
1297
1297
1298
1298
1299
1299
1300
1301
1302
1302
1302
1302
1302
1303
1304
1305
1309
1310
1310
1311
1311
1312
1317
1317
1318
1318
1319
1319
1319
1319
1320
1320
1321
1322
1323
1327
1329
1330
1332
1334
1335
1335
1337
1337
1337
1339
1339
1340
1340
1343
1344
1344
1347
1347
1349
1349
1349
1350
1350
1350
1351
1351
1352
1353
1353
1354
1355
1356
1356
1358
1358
1358
1360
1360
1360
1363
1363
1366
1367
1367
1369
1370
1371
1371
1372
1374
1375
1378
1379
1380
1380
1381
1381
1381
1383
1384
1386
1387
1388
1388
1389
1391
1393
1393
1394
1395
1395
1397
1398
1399
1399
1400
1402
1402
1404
1404
1405
1405
1406
1406
1407
1408
1409
1410
1410
1412
1413
1413
1414
1416
1418
1420
1423
1424
1424
1425
1426
1428
1428
1431
1431
1431
1432
1432
1433
1433
1433
1434
1436
1436
1438
1439
1439
1440
1440
1440
1440
1441
1444
1444
1447
1447
1448
1450
1451
1451
1452
1453
1453
1454
1454
1454
1454
1455
1457
1457
1458
1459
1461
1462
1463
1464
1465
1465
1466
1468
1468
1472
1474
1475
1476
1476
1477
1478
1479
1480
1480
1480
1480
1483
1485
1485
1486
1486
1486
1487
1487
1488
1488
1489
1491
1492
1492
1492
1494
1494
1496
1496
1499
1500
1500
1501
1501
1502
1503
1503
1504
1505
1506
1506
1508
1509
1509
1509
1510
1510
1511
1512
1512
1512
1513
1514
1515
1515
1518
1520
1524
1525
1529
1529
1530
1531
1531
1532
1533
1534
1535
1539
1543
1545
1546
1546
1547
1551
1552
1552
1553
1554
1556
1557
1557
1557
1558
1560
1560
1560
1561
1563
1563
1564
1565
1567
1569
1571
1571
1572
1573
1573
1575
1576
1578
1578
1578
1579
1579
1579
1579
1581
1581
1582
1582
1583
1583
1584
1586
1587
1587
1589
1589
1590
1591
1591
1592
1592
1595
1598
1598
1599
1600
1601
1604
1605
1605
1606
1606
1606
1606
1606
1608
1608
1608
1611
1611
1612
1614
1615
1616
1617
1619
1622
1623
1626
1626
1627
1627
1627
1629
1629
1629
1630
1631
1632
1632
1632
1634
1634
1637
1638
1638
1639
1639
1640
1640
1640
1640
1642
1642
1643
1644
1645
1647
1647
1648
1650
1652
1652
1652
1653
1653
1653
1655
1655
1655
1657
1657
1657
1658
1658
1661
1661
1661
1661
1662
1662
1663
1663
1663
1664
1665
1666
1666
1666
1669
1670
1670
1671
1672
1672
1675
1675
1675
1676
1677
1677
1677
1678
1681
1681
1682
1685
1686
1688
1689
1691
1691
1691
1692
1692
1695
1697
1701
1702
1703
1704
1706
1710
1711
1712
1712
1713
1713
1715
1716
1716
1717
1718
1719
1720
1720
1720
1722
1723
1723
1725
1727
1728
1728
1729
1730
1731
1732
1733
1734
1734
1736
1737
1737
1738
1738
1740
1746
1746
1746
1747
1747
1748
1748
1748
1751
1752
1756
1758
1758
1758
1758
1758
1759
1760
1761
1762
1763
1767
1767
1768
1769
1770
1772
1772
1774
1775
1775
1779
1779
1780
1780
1781
1782
1784
1784
1784
1784
1787
1788
1788
1789
1790
1790
1790
1790
1792
1792
1792
1792
1794
1795
1795
1801
1801
1802
1804
1806
1807
1809
1810
1812
1812
1813
1815
1817
1817
1818
1819
1819
1819
1822
1823
1824
1824
1824
1824
1825
1826
1826
1826
1826
1826
1826
1827
1828
1831
1831
1832
1832
1833
1834
1835
1835
1835
1836
1836
1837
1838
1839
1839
1840
1841
1842
1842
1846
1848
1849
1849
1850
1851
1853
1853
1855
1855
1855
1856
1857
1858
1859
1859
1859
1861
1862
1863
1863
1864
1866
1866
1867
1867
1868
1868
1869
1870
1871
1871
1873
1873
1875
1877
1877
1879
1880
1881
1882
1882
1884
1886
1887
1888
1888
1889
1890
1891
1891
1891
1894
1896
1897
1899
1900
1901
1903
1903
1903
1904
1905
1905
1907
1907
1908
1909
1911
1912
1914
1915
1915
1917
1918
1919
1919
1920
1920
1921
1922
1923
1923
1923
1924
1925
1925
1927
1927
1930
1931
1935
1936
1937
1938
1938
1938
1939
1939
1940
1940
1943
1944
1945
1945
1946
1946
1946
1948
1949
1950
1952
1953
1954
1954
1954
1954
1957
1957
1957
1958
1959
1963
1965
1965
1965
1966
1966
1967
1967
1969
1972
1973
1975
1976
1977
1978
1980
1980
1981
1981
1982
1983
1985
1985
1987
1987
1988
1989
1989
1990
1990
1991
1995
1997
1999
2000
2004
2004
2004
2005
2008
2008
2009
2009
2011
2013
2013
2016
2017
2018
2018
2020
2021
2022
2022
2023
2024
2025
2026
2026
2026
2027
2027
2030
2031
2031
2033
2033
2033
2035
2035
2036
2039
2040
2040
2040
2041
2041
2041
2042
2046
2047
2048
2049
2050
2052
2052
2053
2053
2054
2056
2056
2056
2057
2057
2058
2058
2066
2068
2069
2069
2069
2070
2072
2074
2074
2076
2077
2079
2081
2082
2082
2086
2087
2089
2089
2090
2092
2092
2092
2092
2095
2095
2096
2097
2098
2100
2101
2101
2101
2101
2103
2106
2110
2111
2111
2113
2114
2116
2116
2116
2117
2117
2118
2124
2124
2124
2124
2125
2127
2127
2129
2129
2130
2130
2130
2131
2131
2131
2132
2133
2134
2135
2137
2138
2141
2141
2142
2144
2144
2146
2147
2148
2151
2151
2151
2153
2156
2156
2157
2159
2159
2161
2161
2161
2163
2164
2169
2172
2173
2173
2175
2175
2176
2176
2176
2180
2185
2185
2186
2187
2188
2188
2191
2191
2192
2193
2198
2199
2199
2199
2200
2200
2201
2202
2204
2204
2205
2206
2206
2207
2210
2210
2212
2213
2213
2213
2213
2214
2218
2221
2221
2223
2223
2224
2224
2225
2227
2227
2228
2230
2231
2231
2231
2232
2232
2232
2236
2236
2236
2238
2238
2238
2239
2240
2244
2244
2246
2247
2247
2249
2250
2255
2255
2256
2256
2256
2257
2258
2259
2260
2262
2264
2264
2265
2266
2267
2267
2270
2271
2272
2273
2273
2274
2274
2274
2274
2275
2275
2278
2278
2279
2279
2280
2281
2282
2283
2283
2283
2283
2284
2284
2284
2286
2287
2287
2289
2291
2291
2291
2291
2292
2292
2293
2294
2295
2295
2295
2296
2296
2298
2299
2299
2300
2301
2302
2303
2305
2305
2306
2306
2307
2308
2308
2310
2310
2310
2311
2312
2314
2317
2320
2320
2320
2321
2322
2323
2324
2325
2325
2326
2330
2331
2332
2335
2337
2337
2338
2339
2339
2339
2340
2340
2345
2347
2347
2349
2349
2349
2351
2351
2351
2353
2353
2353
2353
2355
2355
2356
2359
2362
2363
2363
2367
2368
2368
2370
2371
2371
2373
2374
2376
2376
2377
2377
2377
2377
2378
2379
2379
2380
2383
2383
2384
2386
2388
2389
2389
2390
2390
2390
2391
2392
2393
2395
2395
2395
2396
2397
2399
2399
2400
2401
2401
2401
2402
2402
2403
2403
2405
2405
2406
2407
2407
2408
2409
2410
2410
2411
2412
2413
2418
2420
2424
2426
2429
2430
2431
2434
2434
2435
2437
2438
2438
2439
2440
2441
2442
2443
2445
2445
2446
2447
2447
2448
2448
2451
2451
2453
2454
2459
2459
2459
2461
2462
2463
2466
2466
2466
2467
2469
2469
2470
2471
2472
2473
2474
2474
2475
2476
2478
2480
2480
2480
2481
2483
2483
2484
2486
2489
2489
2491
2492
2493
2494
2494
2495
2496
2499
2501
2505
2508
2508
2509
2509
2509
2510
2511
2512
2513
2513
2514
2517
2519
2519
2519
2519
2520
2521
2521
2522
2523
2523
2523
2524
2525
2525
2527
2527
2529
2529
2530
2530
2531
2532
2535
2537
2537
2538
2538
2538
2540
2540
2540
2540
2542
2544
2545
2546
2546
2547
2547
2548
2548
2549
2551
2551
2552
2557
2557
2558
2558
2560
2561
2562
2563
2563
2564
2565
2566
2568
2570
2571
2572
2572
2574
2575
2576
2577
2577
2578
2580
2582
2582
2582
2583
2584
2585
2586
2586
2587
2587
2588
2588
2589
2591
2591
2592
2593
2594
2594
2595
2595
2597
2598
2599
2602
2602
2604
2604
2605
2605
2606
2608
2611
2611
2611
2611
2614
2615
2615
2615
2616
2617
2618
2620
2624
2626
2628
2628
2629
2629
2630
2631
2633
2633
2633
2633
2634
2636
2639
2641
2641
2642
2642
2644
2645
2648
2648
2649
2650
2651
2651
2652
2653
2654
2654
2654
2655
2656
2657
2658
2660
2661
2663
2664
2665
2666
2668
2668
2668
2668
2670
2673
2675
2676
2676
2677
2678
2681
2682
2683
2683
2684
2687
2687
2687
2688
2689
2690
2690
2691
2691
2693
2694
2695
2696
2697
2699
2699
2699
2699
2703
2704
2704
2705
2705
2708
2710
2710
2713
2714
2715
2716
2717
2720
2721
2723
2724
2725
2725
2725
2727
2728
2728
2729
2729
2730
2734
2734
2735
2735
2736
2737
2738
2738
2739
2742
2743
2744
2747
2747
2749
2750
2754
2757
2762
2769
2769
2770
2771
2772
2774
2774
2775
2776
2777
2777
2779
2780
2786
2789
2790
2790
2790
2792
2792
2793
2793
2794
2795
2795
2796
2797
2797
2798
2799
2800
2801
2802
2803
2804
2805
2805
2808
2809
2809
2810
2812
2812
2813
2813
2815
2816
2816
2817
2820
2820
2823
2824
2824
2824
2825
2826
2828
2829
2830
2830
2830
2832
2832
2833
2836
2836
2837
2838
2839
2839
2840
2842
2842
2842
2842
2846
2847
2847
2850
2851
2851
2853
2855
2855
2856
2856
2857
2857
2860
2861
2861
2862
2863
2863
2864
2864
2865
2866
2868
2871
2872
2876
2877
2877
2877
2880
2881
2882
2883
2888
2889
2890
2892
2892
2894
2894
2895
2896
2897
2898
2899
2899
2900
2902
2906
2907
2909
2912
2912
2913
2913
2913
2913
2914
2917
2920
2921
2921
2922
2923
2925
2925
2927
2927
2930
2931
2934
2935
2936
2936
2937
2939
2941
2942
2945
2946
2946
2949
2953
2954
2955
2960
2960
2962
2963
2963
2968
2969
2969
2969
2971
2971
2974
2976
2977
2978
2978
2978
2979
2981
2981
2981
2982
2984
2984
2984
2984
2985
2986
2988
2989
2989
2989
2993
2994
2994
2995
2998
2998
2998
2999
2999
2999
3002
3002
3002
3003
3003
3004
3005
3007
3008
3009
3009
3012
3012
3012
3014
3015
3016
3016
3016
3017
3017
3019
3019
3019
3020
3021
3022
3025
3025
3028
3028
3028
3029
3030
3030
3031
3032
3033
3034
3036
3037
3037
3040
3040
3041
3041
3043
3044
3044
3045
3046
3046
3047
3048
3049
3052
3052
3055
3055
3057
3058
3059
3060
3060
3061
3061
3061
3063
3064
3065
3065
3066
3067
3068
3069
3070
3070
3070
3072
3073
3073
3080
3080
3081
3081
3081
3081
3082
3083
3084
3085
3087
3089
3090
3090
3092
3094
3095
3096
3098
3098
3099
3099
3099
3100
3100
3101
3102
3103
3107
3108
3108
3108
3109
3109
3113
3116
3118
3118
3119
3119
3120
3121
3122
3122
3122
3122
3123
3123
3126
3127
3127
3127
3128
3129
3131
3131
3133
3133
3133
3134
3138
3138
3140
3141
3141
3141
3141
3141
3142
3143
3144
3144
3146
3146
3149
3150
3150
3151
3152
3153
3154
3156
3157
3157
3157
3159
3159
3160
3161
3163
3164
3164
3165
3165
3167
3167
3168
3169
3170
3170
3171
3172
3172
3175
3176
3176
3177
3177
3177
3179
3179
3179
3180
3180
3181
3182
3185
3185
3185
3186
3187
3187
3187
3189
3190
3190
3191
3191
3191
3195
3196
3197
3198
3199
3201
3202
3202
3204
3205
3206
3208
3209
3210
3210
3211
3211
3212
3214
3215
3216
3219
3220
3220
3227
3228
3228
3228
3229
3230
3232
3233
3234
3234
3234
3235
3236
3236
3236
3237
3237
3237
3238
3240
3245
3246
3246
3247
3248
3249
3250
3250
3251
3253
3254
3255
3256
3256
3258
3258
3260
3260
3262
3263
3263
3263
3263
3264
3265
3266
3266
3266
3266
3268
3269
3270
3270
3274
3274
3280
3280
3280
3281
3284
3285
3285
3287
3291
3292
3294
3295
3295
3296
3296
3298
3302
3302
3304
3304
3304
3305
3305
3305
3306
3306
3307
3309
3309
3310
3310
3310
3311
3312
3313
3315
3315
3316
3322
3322
3323
3323
3325
3326
3327
3329
3333
3336
3337
3337
3338
3339
3340
3340
3343
3345
3347
3348
3349
3350
3350
3351
3353
3354
3355
3355
3356
3356
3357
3357
3359
3359
3362
3362
3364
3364
3368
3369
3369
3370
3370
3371
3371
3371
3374
3374
3375
3377
3378
3379
3379
3381
3383
3383
3385
3385
3386
3387
3388
3388
3392
3393
3394
3396
3396
3398
3399
3399
3399
3399
3399
3404
3405
3406
3407
3407
3407
3407
3407
3408
3409
3411
3411
3413
3413
3416
3418
3418
3419
3423
3425
3425
3425
3427
3429
3429
3429
3430
3431
3431
3433
3435
3436
3436
3438
3438
3439
3439
3439
3442
3444
3446
3446
3447
3448
3449
3449
3449
3450
3450
3450
3451
3452
3454
3454
3455
3455
3456
3456
3456
3457
3459
3464
3464
3464
3465
3465
3468
3468
3468
3468
3470
3471
3471
3471
3472
3472
3472
3473
3476
3477
3477
3479
3479
3480
3480
3482
3485
3485
3487
3487
3488
3488
3489
3491
3492
3493
3493
3495
3495
3497
3497
3498
3499
3500
3502
3502
3503
3503
3503
3504
3505
3505
3506
3507
3507
3509
3513
3514
3515
3515
3516
3517
3517
3518
3519
3520
3522
3522
3525
3526
3526
3527
3527
3529
3530
3530
3534
3534
3534
3536
3537
3537
3537
3537
3539
3539
3540
3540
3543
3543
3543
3545
3546
3546
3546
3549
3553
3554
3554
3554
3555
3555
3556
3556
3556
3559
3561
3562
3563
3564
3564
3565
3565
3565
3565
3567
3567
3568
3568
3568
3570
3570
3570
3570
3572
3573
3579
3583
3583
3583
3583
3585
3586
3588
3589
3591
3591
3592
3592
3592
3592
3593
3593
3596
3596
3598
3598
3598
3598
3599
3601
3603
3606
3608
3609
3611
3612
3612
3613
3615
3615
3616
3618
3618
3619
3619
3619
3619
3620
3622
3622
3624
3624
3625
3625
3625
3626
3626
3631
3631
3632
3633
3635
3636
3637
3637
3640
3640
3640
3641
3642
3645
3645
3646
3646
3647
3651
3653
3657
3657
3658
3658
3660
3662
3662
3666
3667
3668
3670
3671
3672
3673
3676
3676
3677
3679
3679
3680
3682
3682
3683
3684
3685
3686
3688
3689
3690
3690
3690
3690
3692
3692
3693
3693
3694
3694
3695
3695
3699
3700
3701
3701
3702
3703
3704
3706
3706
3707
3708
3709
3711
3712
3712
3713
3715
3716
3716
3718
3719
3720
3720
3721
3722
3723
3723
3724
3727
3728
3728
3728
3729
3729
3733
3733
3734
3735
3736
3737
3739
3739
3740
3740
3741
3743
3744
3745
3746
3747
3748
3749
3750
3750
3752
3755
3755
3755
3755
3756
3758
3760
3760
3760
3760
3761
3762
3767
3768
3768
3769
3769
3769
3769
3770
3770
3770
3772
3772
3776
3777
3778
3779
3780
3781
3783
3783
3783
3783
3784
3784
3784
3787
3789
3790
3790
3791
3792
3793
3793
3794
3794
3795
3795
3797
3798
3799
3800
3801
3802
3803
3803
3806
3806
3806
3811
3811
3811
3814
3814
3814
3815
3815
3816
3817
3817
3818
3818
3819
3821
3822
3822
3824
3824
3824
3825
3826
3828
3829
3831
3831
3831
3832
3833
3834
3835
3837
3838
3840
3840
3840
3840
3841
3841
3843
3844
3846
3847
3848
3852
3854
3855
3855
3855
3855
3858
3858
3859
3863
3863
3863
3864
3865
3865
3866
3868
3868
3871
3873
3873
3874
3875
3876
3878
3878
3879
3879
3880
3882
3883
3885
3886
3890
3891
3893
3893
3893
3894
3895
3896
3899
3900
3900
3902
3902
3903
3904
3907
3907
3908
3912
3913
3914
3916
3916
3917
3918
3918
3918
3919
3919
3919
3920
3921
3921
3921
3922
3926
3928
3929
3930
3930
3931
3934
3934
3935
3935
3937
3938
3939
3939
3939
3941
3941
3942
3943
3944
3946
3947
3952
3956
3956
3957
3958
3958
3958
3959
3960
3960
3962
3965
3967
3968
3969
3970
3972
3972
3973
3974
3975
3975
3976
3977
3979
3981
3982
3982
3983
3985
3987
3987
3989
3989
3990
3991
3993
3994
3995
3996
3999
3999
4002
4002
4004
4004
4005
4007
4007
4008
4010
4010
4010
4010
4010
4010
4012
4012
4013
4014
4015
4016
4016
4016
4017
4018
4020
4022
4023
4024
4024
4025
4026
4028
4029
4030
4031
4032
4032
4033
4034
4034
4035
4035
4036
4037
4039
4041
4042
4042
4045
4045
4045
4046
4047
4048
4051
4052
4053
4054
4056
4058
4058
4060
4061
4062
4063
4067
4069
4071
4071
4071
4073
4073
4073
4076
4076
4077
4077
4079
4083
4083
4085
4087
4091
4094
4095
4095
4097
4097
4098
4098
4099
4099
4099
4099
4103
4104
4104
4104
4106
4107
4108
4110
4111
4113
4114
4115
4119
4120
4121
4121
4121
4122
4124
4125
4126
4127
4128
4129
4129
4129
4130
4130
4131
4136
4137
4137
4137
4139
4139
4139
4140
4140
4141
4142
4142
4142
4142
4143
4144
4145
4145
4147
4148
4149
4149
4150
4151
4151
4151
4152
4153
4153
4153
4153
4154
4161
4161
4164
4166
4167
4167
4168
4169
4170
4171
4172
4173
4173
4174
4174
4174
4175
4176
4177
4177
4177
4177
4178
4180
4181
4182
4182
4185
4188
4188
4191
4192
4192
4192
4194
4195
4195
4196
4196
4197
4198
4198
4198
4199
4200
4200
4201
4202
4206
4206
4206
4208
4208
4209
4209
4210
4212
4212
4212
4212
4213
4213
4213
4214
4214
4215
4215
4220
4221
4222
4224
4224
4225
4226
4226
4227
4228
4230
4230
4232
4232
4233
4234
4235
4237
4237
4239
4240
4240
4241
4242
4246
4246
4247
4247
4248
4248
4250
4251
4252
4255
4256
4256
4257
4258
4259
4260
4260
4261
4261
4263
4263
4263
4264
4264
4267
4268
4268
4268
4269
4269
4270
4270
4273
4274
4275
4276
4276
4277
4277
4278
4279
4279
4281
4282
4284
4285
4288
4288
4291
4291
4291
4293
4296
4297
4298
4299
4300
4300
4301
4302
4302
4304
4305
4305
4305
4307
4307
4309
4310
4311
4311
4312
4313
4313
4313
4315
4317
4317
4318
4319
4322
4323
4323
4324
4324
4324
4325
4326
4326
4326
4327
4327
4328
4329
4332
4334
4337
4339
4340
4340
4340
4341
4341
4342
4344
4345
4345
4350
4350
4350
4350
4351
4353
4356
4356
4358
4360
4361
4362
4364
4364
4367
4367
4367
4368
4369
4370
4374
4374
4375
4376
4377
4378
4378
4380
4381
4381
4382
4383
4384
4384
4385
4385
4386
4387
4387
4390
4391
4391
4392
4392
4392
4392
4394
4394
4394
4398
4398
4399
4400
4400
4402
4403
4403
4403
4404
4404
4404
4405
4406
4407
4409
4409
4410
4411
4411
4412
4413
4413
4414
4415
4415
4415
4416
4417
4417
4418
4419
4420
4420
4420
4421
4422
4422
4424
4425
4429
4431
4431
4431
4431
4434
4434
4437
4438
4440
4440
4440
4443
4443
4444
4446
4446
4447
4448
4450
4451
4452
4454
4454
4456
4457
4457
4457
4457
4457
4457
4458
4458
4459
4460
4460
4462
4463
4465
4466
4469
4470
4470
4471
4472
4478
4483
4483
4484
4485
4486
4486
4489
4489
4490
4491
4491
4493
4493
4494
4494
4496
4497
4499
4501
4501
4502
4502
4503
4504
4505
4506
4506
4506
4508
4508
4509
4510
4511
4511
4513
4513
4514
4516
4516
4517
4518
4519
4519
4519
4520
4520
4521
4524
4525
4532
4532
4532
4534
4535
4539
4541
4541
4542
4542
4542
4543
4543
4544
4545
4546
4548
4550
4551
4553
4553
4556
4558
4560
4560
4563
4563
4564
4565
4565
4565
4567
4568
4571
4571
4571
4571
4572
4573
4573
4574
4576
4578
4578
4578
4579
4582
4582
4582
4583
4583
4584
4584
4586
4587
4588
4588
4589
4589
4589
4591
4591
4591
4592
4592
4595
4595
4596
4596
4598
4602
4603
4604
4606
4606
4607
4608
4609
4611
4613
4614
4616
4620
4623
4625
4627
4628
4628
4629
4629
4630
4631
4631
4632
4632
4633
4634
4635
4636
4636
4636
4636
4637
4637
4638
4638
4639
4641
4644
4644
4644
4645
4647
4649
4653
4653
4653
4654
4655
4655
4658
4661
4661
4662
4662
4663
4663
4666
4668
4668
4669
4670
4671
4674
4674
4674
4675
4676
4676
4676
4677
4678
4678
4678
4678
4678
4679
4679
4679
4681
4681
4681
4682
4683
4685
4686
4686
4686
4687
4689
4690
4690
4690
4691
4691
4692
4693
4693
4694
4694
4696
4696
4696
4697
4699
4700
4702
4702
4703
4703
4704
4706
4708
4709
4709
4709
4710
4710
4711
4711
4712
4712
4713
4715
4718
4718
4719
4721
4722
4722
4723
4726
4726
4727
4728
4728
4729
4730
4731
4731
4732
4732
4732
4733
4733
4733
4734
4735
4735
4736
4737
4737
4738
4739
4740
4742
4742
4742
4744
4744
4745
4746
4747
4748
4748
4750
4751
4755
4756
4756
4758
4759
4765
4765
4765
4765
4766
4767
4768
4768
4769
4770
4770
4771
4773
4775
4775
4775
4777
4777
4777
4777
4780
4781
4781
4784
4784
4786
4787
4787
4789
4789
4790
4790
4794
4795
4795
4795
4796
4796
4796
4796
4797
4797
4798
4801
4802
4804
4804
4805
4805
4807
4808
4808
4808
4808
4809
4809
4810
4811
4811
4811
4813
4813
4814
4816
4817
4818
4818
4819
4820
4821
4821
4822
4823
4824
4825
4827
4828
4829
4830
4832
4833
4833
4833
4836
4839
4841
4844
4845
4846
4846
4847
4847
4847
4847
4850
4850
4850
4851
4854
4855
4855
4856
4856
4856
4857
4859
4860
4860
4861
4861
4861
4862
4862
4864
4867
4868
4869
4869
4871
4873
4873
4875
4875
4875
4875
4877
4879
4881
4882
4886
4886
4887
4887
4887
4889
4890
4890
4891
4893
4894
4894
4895
4895
4895
4897
4897
4898
4898
4898
4898
4900
4903
4903
4906
4906
4907
4907
4909
4909
4911
4912
4912
4914
4914
4915
4915
4916
4918
4918
4920
4921
4921
4922
4923
4923
4925
4926
4927
4928
4929
4930
4931
4932
4932
4933
4934
4934
4935
4936
4936
4938
4938
4939
4939
4940
4940
4942
4942
4942
4943
4944
4946
4947
4947
4949
4949
4952
4952
4952
4952
4952
4954
4955
4955
4955
4955
4957
4959
4959
4959
4959
4961
4962
4962
4962
4963
4966
4966
4967
4969
4969
4970
4971
4971
4972
4972
4972
4972
4973
4975
4978
4978
4979
4980
4981
4982
4982
4983
4984
4985
4985
4987
4987
4990
4990
4992
4993
4993
4995
4995
4995
4996
4996
4998
4999
5001
5002
5002
5002
5002
5002
5003
5005
5005
5005
5006
5008
5009
5010
5010
5011
5012
5014
5015
5016
5016
5017
5017
5020
5020
5021
5021
5024
5026
5026
5028
5028
5029
5030
5030
5032
5034
5035
5035
5037
5039
5042
5042
5042
5044
5045
5045
5046
5048
5048
5050
5053
5053
5053
5054
5056
5056
5057
5058
5061
5061
5062
5063
5063
5063
5064
5064
5065
5066
5070
5070
5070
5071
5073
5073
5073
5074
5075
5077
5077
5078
5078
5079
5079
5080
5080
5082
5083
5083
5085
5091
5091
5092
5092
5092
5094
5095
5096
5097
5098
5099
5100
5103
5103
5103
5107
5112
5113
5114
5114
5117
5118
5118
5118
5120
5120
5121
5121
5122
5123
5124
5124
5125
5126
5127
5128
5129
5131
5132
5134
5134
5135
5135
5136
5137
5137
5137
5139
5142
5143
5145
5145
5146
5147
5148
5152
5153
5155
5155
5156
5157
5158
5159
5159
5160
5160
5161
5161
5163
5165
5167
5168
5169
5169
5169
5171
5174
5175
5175
5175
5175
5176
5177
5177
5183
5184
5185
5185
5187
5193
5195
5196
5197
5198
5198
5199
5200
5201
5201
5201
5203
5204
5204
5205
5205
5206
5207
5208
5209
5210
5211
5212
5212
5213
5213
5213
5214
5215
5215
5215
5216
5216
5216
5217
5219
5220
5221
5222
5222
5223
5224
5224
5225
5226
5226
5227
5228
5228
5230
5232
5232
5232
5232
5234
5235
5236
5236
5240
5241
5241
5244
5244
5244
5244
5244
5246
5246
5246
5249
5249
5250
5253
5254
5255
5255
5255
5256
5256
5256
5257
5257
5258
5259
5263
5263
5264
5266
5269
5269
5270
5271
5273
5275
5275
5276
5276
5278
5279
5284
5286
5287
5287
5287
5290
5291
5292
5292
5293
5294
5295
5297
5298
5300
5300
5301
5303
5304
5304
5309
5309
5310
5310
5310
5310
5311
5311
5314
5316
5316
5317
5317
5318
5318
5322
5323
5325
5327
5328
5330
5331
5331
5331
5333
5334
5335
5335
5336
5336
5337
5337
5338
5340
5340
5340
5340
5342
5342
5342
5343
5344
5345
5345
5345
5346
5348
5349
5350
5350
5351
5352
5353
5354
5356
5357
5358
5358
5360
5361
5362
5363
5365
5366
5367
5367
5370
5370
5371
5371
5371
5373
5375
5377
5377
5377
5380
5381
5383
5384
5386
5387
5387
5388
5389
5389
5389
5390
5391
5392
5395
5396
5397
5397
5397
5399
5399
5400
5400
5402
5403
5403
5406
5409
5409
5410
5410
5410
5410
5410
5411
5412
5413
5414
5416
5416
5419
5420
5420
5421
5422
5422
5423
5423
5423
5424
5425
5425
5425
5427
5428
5428
5428
5428
5429
5432
5432
5432
5432
5433
5434
5435
5438
5438
5439
5441
5443
5445
5445
5445
5445
5446
5447
5448
5448
5451
5451
5453
5455
5456
5458
5459
5459
5460
5460
5461
5461
5461
5461
5467
5469
5470
5472
5472
5472
5473
5473
5474
5474
5474
5478
5479
5480
5480
5483
5483
5483
5484
5488
5488
5489
5490
5490
5491
5492
5493
5493
5494
5494
5495
5495
5498
5498
5499
5500
5500
5500
5501
5501
5506
5506
5508
5509
5509
5510
5510
5510
5514
5516
5516
5516
5517
5517
5518
5518
5519
5520
5520
5521
5522
5524
5524
5526
5526
5528
5529
5532
5532
5533
5535
5536
5539
5539
5539
5540
5541
5542
5542
5544
5544
5544
5545
5548
5549
5549
5549
5553
5554
5557
5557
5558
5559
5560
5560
5561
5563
5565
5565
5566
5567
5567
5569
5569
5569
5570
5570
5572
5572
5572
5574
5575
5576
5576
5577
5578
5578
5579
5579
5584
5585
5587
5588
5588
5588
5589
5591
5592
5594
5595
5595
5596
5597
5598
5598
5599
5599
5601
5601
5601
5601
5602
5603
5603
5603
5604
5604
5604
5604
5605
5610
5612
5614
5615
5615
5615
5617
5617
5617
5618
5619
5621
5622
5622
5624
5625
5626
5628
5628
5629
5633
5635
5635
5638
5639
5639
5640
5640
5641
5641
5642
5642
5642
5643
5644
5646
5646
5647
5649
5650
5650
5652
5652
5654
5655
5655
5656
5656
5657
5660
5661
5662
5662
5662
5663
5663
5664
5666
5667
5669
5673
5674
5674
5675
5675
5677
5678
5678
5679
5679
5679
5681
5681
5681
5681
5682
5688
5689
5693
5693
5694
5695
5698
5699
5699
5699
5700
5701
5702
5703
5703
5703
5703
5705
5709
5710
5710
5710
5712
5713
5715
5717
5718
5719
5719
5719
5721
5723
5723
5726
5728
5730
5733
5733
5734
5734
5734
5735
5736
5738
5738
5739
5742
5743
5744
5746
5746
5746
5747
5749
5749
5749
5750
5750
5750
5750
5754
5754
5754
5755
5756
5756
5759
5759
5759
5764
5764
5764
5766
5766
5768
5768
5769
5770
5770
5772
5775
5776
5777
5777
5779
5781
5781
5782
5782
5788
5789
5792
5792
5796
5796
5797
5800
5801
5801
5802
5803
5803
5804
5804
5805
5805
5805
5807
5809
5809
5809
5809
5809
5810
5810
5810
5811
5811
5812
5813
5814
5814
5815
5816
5818
5819
5819
5820
5820
5821
5821
5822
5824
5825
5827
5828
5828
5829
5830
5830
5831
5831
5832
5833
5833
5833
5833
5833
5834
5835
5835
5836
5837
5839
5840
5840
5840
5841
5841
5843
5846
5847
5848
5849
5850
5851
5852
5854
5856
5857
5857
5857
5857
5858
5859
5859
5861
5862
5862
5863
5863
5865
5868
5869
5869
5870
5870
5871
5872
5873
5874
5876
5877
5879
5880
5881
5881
5881
5882
5883
5884
5884
5885
5886
5888
5888
5888
5889
5893
5893
5894
5894
5894
5895
5895
5896
5897
5899
5899
5900
5902
5902
5904
5904
5905
5907
5907
5908
5909
5909
5911
5912
5913
5913
5914
5915
5915
5916
5916
5918
5918
5918
5918
5919
5921
5921
5921
5924
5926
5926
5927
5928
5928
5930
5930
5931
5932
5934
5936
5937
5938
5938
5939
5939
5940
5940
5940
5940
5941
5942
5942
5943
5943
5944
5945
5945
5947
5947
5948
5949
5949
5951
5952
5952
5953
5953
5954
5956
5957
5959
5959
5959
5960
5960
5962
5962
5963
5964
5968
5969
5969
5970
5970
5970
5971
5972
5972
5979
5979
5979
5980
5984
5984
5985
5987
5988
5989
5994
5994
5997
5997
5998
5998
6001
6005
6008
6008
6009
6011
6012
6013
6015
6015
6016
6016
6017
6018
6018
6018
6021
6022
6024
6025
6027
6028
6028
6028
6028
6030
6035
6036
6039
6040
6041
6042
6043
6043
6045
6047
6047
6047
6047
6052
6052
6053
6054
6054
6055
6056
6056
6056
6057
6058
6058
6059
6061
6061
6063
6063
6068
6068
6069
6070
6071
6073
6074
6076
6079
6079
6080
6080
6080
6082
6083
6084
6084
6087
6087
6089
6089
6090
6090
6091
6094
6095
6097
6098
6099
6100
6101
6101
6103
6104
6105
6105
6105
6106
6106
6106
6107
6107
6107
6108
6110
6110
6112
6112
6114
6116
6116
6117
6117
6117
6118
6119
6120
6121
6121
6123
6125
6125
6126
6130
6131
6132
6132
6133
6135
6135
6135
6136
6137
6138
6139
6140
6141
6142
6145
6145
6147
6147
6148
6151
6151
6152
6152
6153
6154
6155
6155
6156
6156
6157
6158
6159
6161
6163
6164
6164
6165
6166
6166
6166
6167
6168
6169
6170
6170
6171
6172
6172
6175
6175
6175
6176
6176
6177
6179
6182
6184
6185
6185
6187
6189
6189
6189
6190
6191
6192
6192
6194
6194
6196
6196
6198
6199
6199
6200
6200
6202
6202
6202
6205
6206
6206
6209
6209
6210
6211
6211
6212
6212
6213
6214
6214
6216
6216
6219
6219
6221
6222
6224
6227
6227
6229
6229
6230
6230
6230
6231
6233
6233
6235
6238
6239
6241
6241
6243
6244
6244
6245
6245
6246
6246
6247
6247
6249
6249
6249
6250
6251
6251
6252
6252
6253
6253
6253
6254
6254
6255
6256
6256
6256
6257
6259
6260
6261
6262
6262
6263
6266
6266
6266
6266
6267
6267
6268
6269
6269
6269
6269
6269
6270
6273
6273
6274
6274
6275
6275
6277
6277
6280
6281
6282
6283
6285
6285
6286
6287
6287
6288
6289
6290
6291
6292
6292
6296
6297
6298
6298
6299
6300
6300
6300
6301
6301
6303
6304
6306
6306
6307
6308
6309
6310
6311
6311
6312
6313
6315
6316
6318
6319
6319
6319
6319
6321
6321
6322
6322
6324
6325
6325
6325
6325
6326
6326
6328
6328
6328
6330
6330
6331
6332
6337
6339
6339
6343
6345
6346
6346
6348
6351
6352
6352
6355
6356
6356
6357
6360
6361
6362
6362
6363
6364
6364
6366
6366
6366
6371
6372
6372
6373
6373
6376
6376
6377
6379
6380
6381
6382
6384
6385
6385
6386
6387
6387
6389
6389
6390
6390
6391
6392
6392
6393
6395
6395
6396
6397
6398
6399
6399
6399
6401
6402
6402
6402
6402
6406
6406
6408
6409
6410
6413
6413
6413
6413
6414
6415
6418
6419
6419
6420
6421
6421
6421
6422
6423
6424
6424
6425
6426
6428
6431
6433
6434
6434
6436
6436
6437
6438
6439
6441
6442
6442
6443
6443
6443
6445
6445
6445
6448
6448
6450
6451
6451
6454
6455
6456
6456
6458
6458
6460
6460
6460
6460
6464
6464
6465
6465
6467
6471
6472
6473
6473
6474
6475
6476
6480
6484
6484
6487
6487
6488
6488
6489
6490
6491
6491
6492
6492
6494
6494
6496
6496
6497
6497
6499
6499
6501
6501
6502
6504
6504
6504
6506
6507
6507
6508
6509
6509
6510
6510
6512
6516
6516
6516
6519
6520
6521
6522
6522
6523
6523
6523
6525
6529
6529
6530
6530
6530
6530
6531
6531
6533
6533
6533
6533
6534
6536
6537
6539
6541
6542
6545
6546
6547
6548
6548
6549
6550
6551
6551
6552
6553
6554
6554
6555
6555
6556
6558
6560
6561
6561
6562
6564
6568
6568
6570
6571
6572
6573
6573
6573
6573
6573
6574
6575
6575
6583
6585
6585
6586
6589
6589
6589
6590
6591
6591
6592
6592
6594
6594
6595
6596
6597
6597
6599
6600
6600
6605
6607
6610
6611
6611
6612
6612
6613
6613
6614
6615
6617
6619
6619
6619
6621
6622
6623
6626
6629
6630
6632
6633
6633
6633
6636
6636
6637
6639
6639
6640
6640
6642
6646
6647
6647
6648
6648
6649
6649
6651
6651
6652
6652
6655
6656
6660
6661
6663
6663
6664
6664
6665
6667
6670
6671
6671
6672
6674
6677
6679
6679
6679
6679
6681
6681
6681
6684
6684
6684
6687
6687
6690
6690
6690
6691
6691
6692
6692
6694
6695
6696
6696
6696
6697
6699
6701
6701
6703
6703
6704
6704
6704
6704
6705
6705
6705
6706
6706
6710
6711
6712
6716
6717
6718
6721
6722
6722
6723
6725
6725
6727
6727
6727
6727
6728
6729
6733
6733
6734
6735
6735
6736
6738
6738
6739
6740
6740
6740
6740
6742
6746
6746
6747
6748
6749
6752
6753
6754
6757
6757
6757
6761
6764
6764
6764
6764
6767
6767
6767
6771
6773
6773
6773
6774
6774
6775
6775
6776
6777
6777
6777
6780
6780
6781
6782
6783
6783
6785
6785
6786
6786
6789
6791
6792
6794
6794
6795
6796
6798
6799
6799
6800
6800
6801
6802
6804
6805
6805
6807
6808
6809
6811
6813
6813
6814
6815
6816
6816
6818
6819
6820
6820
6820
6822
6822
6823
6823
6823
6825
6826
6826
6828
6828
6829
6829
6829
6830
6830
6830
6831
6831
6831
6831
6833
6835
6839
6839
6839
6840
6840
6840
6842
6844
6845
6845
6848
6849
6849
6850
6851
6852
6853
6853
6856
6859
6859
6862
6863
6866
6867
6868
6871
6872
6872
6873
6875
6876
6878
6878
6878
6882
6884
6888
6888
6890
6891
6891
6892
6892
6893
6894
6895
6895
6897
6898
6900
6902
6902
6902
6903
6904
6904
6904
6904
6905
6907
6907
6907
6908
6909
6909
6911
6911
6911
6911
6912
6913
6914
6920
6920
6920
6922
6922
6923
6923
6923
6924
6925
6925
6926
6926
6928
6928
6928
6928
6929
6929
6930
6931
6931
6932
6932
6935
6935
6936
6936
6937
6937
6937
6937
6938
6940
6941
6943
6944
6945
6947
6948
6951
6951
6951
6952
6952
6953
6953
6955
6956
6958
6958
6960
6966
6967
6967
6967
6967
6970
6970
6971
6972
6972
6972
6973
6973
6976
6976
6977
6979
6980
6984
6984
6984
6986
6986
6987
6987
6988
6988
6989
6989
6990
6991
6992
6992
6993
6995
6995
6995
6996
6997
6997
6999
6999
7000
7000
7001
7001
7002
7003
7004
7005
7005
7006
7007
7007
7009
7009
7012
7015
7021
7021
7023
7025
7029
7031
7031
7031
7031
7033
7034
7035
7035
7036
7037
7039
7040
7040
7040
7041
7041
7042
7042
7043
7043
7044
7044
7045
7045
7045
7045
7049
7050
7050
7050
7050
7052
7053
7053
7055
7059
7059
7059
7061
7061
7061
7061
7062
7062
7063
7064
7064
7065
7065
7067
7067
7067
7070
7071
7071
7072
7073
7073
7074
7075
7076
7076
7078
7079
7079
7079
7083
7084
7087
7088
7089
7090
7090
7091
7091
7093
7094
7095
7095
7096
7099
7099
7099
7100
7101
7102
7102
7102
7103
7104
7104
7105
7107
7107
7108
7108
7108
7109
7109
7110
7110
7110
7111
7113
7115
7116
7117
7118
7119
7119
7119
7121
7121
7122
7122
7125
7126
7128
7129
7129
7131
7133
7134
7138
7139
7140
7145
7146
7148
7149
7149
7150
7153
7154
7154
7154
7155
7156
7158
7158
7158
7161
7161
7162
7163
7164
7166
7168
7169
7170
7171
7171
7172
7173
7173
7173
7173
7175
7176
7176
7178
7179
7180
7180
7181
7181
7181
7182
7183
7184
7187
7190
7192
7193
7193
7195
7195
7195
7196
7196
7197
7197
7199
7200
7200
7201
7201
7201
7203
7203
7205
7206
7206
7208
7208
7208
7211
7212
7212
7213
7214
7214
7214
7215
7217
7219
7221
7222
7223
7225
7225
7226
7226
7227
7227
7228
7228
7228
7228
7229
7230
7231
7234
7235
7238
7242
7243
7245
7245
7246
7247
7249
7249
7250
7250
7250
7251
7253
7254
7256
7257
7258
7258
7259
7260
7261
7262
7265
7265
7268
7268
7270
7271
7271
7272
7273
7273
7274
7275
7275
7279
7279
7280
7281
7283
7284
7284
7285
7286
7287
7289
7289
7290
7290
7290
7291
7291
7294
7296
7296
7297
7297
7299
7300
7301
7303
7303
7304
7304
7304
7305
7306
7308
7309
7312
7313
7313
7318
7319
7319
7320
7321
7324
7324
7325
7325
7326
7327
7327
7327
7327
7327
7328
7328
7329
7330
7333
7334
7336
7337
7339
7343
7345
7345
7347
7348
7349
7350
7351
7351
7351
7352
7354
7354
7355
7356
7356
7356
7359
7360
7361
7362
7362
7362
7362
7363
7364
7364
7364
7366
7367
7368
7369
7372
7374
7375
7376
7377
7377
7377
7379
7379
7379
7380
7380
7382
7382
7385
7387
7387
7388
7390
7393
7394
7395
7397
7397
7398
7399
7400
7400
7400
7400
7402
7402
7403
7406
7407
7407
7408
7409
7410
7411
7411
7412
7412
7415
7416
7417
7417
7417
7418
7419
7419
7421
7421
7426
7426
7428
7428
7428
7431
7432
7432
7432
7433
7433
7435
7435
7436
7439
7440
7441
7441
7442
7443
7444
7445
7446
7446
7446
7446
7446
7450
7451
7453
7454
7454
7456
7456
7457
7457
7459
7460
7461
7461
7461
7461
7463
7465
7466
7468
7468
7468
7468
7468
7469
7473
7473
7473
7477
7480
7481
7483
7483
7485
7485
7486
7486
7487
7487
7487
7487
7487
7491
7492
7495
7495
7495
7495
7497
7498
7498
7500
7501
7501
7502
7502
7502
7503
7504
7505
7506
7507
7507
7510
7510
7513
7513
7514
7515
7516
7517
7517
7518
7521
7522
7523
7525
7526
7527
7529
7529
7530
7530
7531
7533
7533
7539
7541
7541
7542
7542
7542
7549
7551
7552
7552
7556
7558
7558
7559
7560
7561
7564
7564
7565
7566
7568
7569
7571
7571
7571
7573
7573
7573
7573
7574
7574
7575
7575
7576
7578
7580
7580
7582
7583
7583
7585
7586
7586
7587
7588
7589
7592
7592
7592
7593
7593
7593
7593
7596
7597
7598
7598
7598
7599
7600
7602
7604
7606
7607
7607
7608
7609
7612
7612
7613
7613
7614
7614
7615
7615
7617
7617
7618
7619
7621
7623
7625
7626
7626
7627
7628
7628
7629
7629
7630
7630
7632
7633
7634
7634
7634
7634
7636
7637
7638
7641
7644
7646
7647
7647
7648
7648
7649
7652
7652
7652
7652
7653
7653
7654
7654
7654
7655
7657
7657
7661
7661
7661
7662
7663
7663
7664
7668
7669
7669
7672
7675
7676
7679
7681
7681
7681
7681
7682
7684
7684
7684
7685
7687
7688
7689
7690
7693
7694
7695
7695
7695
7696
7696
7697
7698
7700
7702
7704
7707
7707
7707
7708
7710
7711
7711
7711
7712
7713
7713
7714
7715
7715
7716
7716
7716
7716
7717
7718
7718
7718
7719
7721
7722
7723
7724
7725
7729
7730
7730
7730
7732
7733
7734
7735
7737
7738
7742
7742
7743
7744
7744
7744
7747
7748
7748
7748
7748
7749
7749
7750
7752
7752
7752
7755
7755
7755
7756
7756
7757
7757
7759
7760
7760
7760
7762
7762
7762
7763
7763
7763
7763
7763
7764
7764
7765
7765
7765
7768
7769
7771
7772
7775
7777
7778
7781
7781
7782
7782
7782
7782
7785
7785
7785
7786
7787
7787
7788
7788
7789
7789
7790
7790
7791
7791
7791
7794
7794
7796
7797
7798
7798
7799
7800
7800
7800
7800
7801
7801
7801
7801
7802
7802
7803
7805
7805
7806
7807
7811
7812
7812
7813
7814
7814
7815
7816
7817
7817
7818
7821
7822
7822
7823
7824
7829
7831
7832
7837
7838
7838
7842
7843
7845
7845
7846
7847
7848
7850
7851
7852
7852
7853
7853
7854
7854
7854
7855
7856
7858
7858
7858
7858
7860
7861
7862
7862
7863
7863
7865
7867
7869
7870
7872
7873
7873
7873
7874
7874
7874
7876
7878
7879
7879
7880
7880
7883
7883
7883
7884
7885
7892
7893
7895
7895
7896
7897
7897
7898
7898
7900
7901
7903
7903
7905
7905
7905
7906
7908
7908
7908
7908
7910
7915
7916
7916
7917
7918
7919
7919
7919
7920
7920
7923
7924
7925
7925
7925
7926
7927
7929
7929
7930
7931
7934
7935
7935
7935
7936
7936
7937
7939
7941
7941
7942
7943
7943
7947
7947
7947
7948
7948
7949
7950
7950
7951
7952
7952
7953
7953
7953
7955
7956
7957
7958
7958
7959
7959
7959
7959
7960
7962
7963
7964
7964
7964
7965
7966
7966
7968
7968
7968
7969
7969
7970
7970
7971
7971
7972
7972
7972
7973
7973
7974
7975
7975
7975
7976
7976
7976
7978
7979
7979
7980
7985
7985
7986
7987
7987
7987
7990
7991
7992
7992
7994
7995
7996
7996
7996
7997
7998
7999
8002
8002
8002
8003
8003
8005
8005
8007
8007
8008
8008
8008
8009
8009
8009
8009
8010
8010
8011
8011
8011
8012
8012
8015
8016
8017
8019
8019
8020
8020
8023
8023
8023
8025
8025
8025
8026
8026
8027
8028
8031
8031
8032
8032
8032
8032
8034
8037
8037
8037
8043
8043
8043
8046
8046
8047
8047
8047
8047
8047
8048
8049
8049
8049
8052
8052
8052
8052
8053
8053
8054
8055
8055
8057
8058
8059
8060
8061
8062
8065
8065
8066
8067
8067
8068
8068
8069
8070
8070
8071
8071
8072
8073
8075
8078
8079
8079
8082
8084
8088
8091
8091
8091
8093
8093
8096
8097
8099
8100
8101
8101
8102
8103
8104
8105
8105
8107
8108
8109
8109
8109
8109
8111
8111
8112
8115
8116
8116
8116
8117
8118
8118
8119
8119
8120
8121
8123
8126
8126
8127
8129
8129
8129
8130
8131
8132
8133
8134
8136
8136
8138
8140
8144
8145
8146
8147
8148
8149
8150
8150
8150
8151
8151
8154
8154
8156
8158
8159
8160
8160
8163
8164
8164
8168
8170
8171
8171
8173
8175
8176
8179
8179
8179
8180
8183
8184
8187
8189
8189
8189
8192
8193
8193
8194
8195
8195
8195
8196
8196
8197
8197
8197
8198
8198
8198
8202
8202
8203
8204
8204
8204
8206
8207
8208
8209
8209
8209
8210
8211
8211
8212
8215
8215
8216
8216
8216
8217
8218
8218
8220
8222
8223
8223
8224
8224
8225
8227
8228
8229
8229
8233
8234
8236
8238
8238
8239
8246
8248
8249
8251
8253
8253
8253
8254
8254
8255
8255
8258
8264
8266
8267
8268
8268
8268
8269
8269
8270
8271
8271
8274
8275
8276
8277
8277
8277
8278
8279
8282
8282
8284
8285
8286
8286
8286
8288
8289
8290
8291
8291
8293
8293
8294
8294
8294
8294
8295
8296
8296
8296
8297
8299
8299
8300
8301
8302
8302
8303
8303
8303
8303
8304
8304
8305
8308
8309
8309
8310
8310
8310
8312
8313
8314
8314
8315
8315
8316
8317
8317
8319
8319
8320
8320
8323
8326
8326
8326
8327
8328
8331
8331
8332
8333
8334
8335
8336
8337
8337
8340
8343
8344
8345
8346
8346
8347
8347
8347
8347
8348
8348
8348
8350
8350
8351
8352
8352
8353
8353
8353
8355
8356
8356
8356
8357
8358
8358
8358
8359
8360
8360
8360
8361
8361
8362
8363
8363
8365
8366
8367
8369
8371
8372
8373
8373
8375
8376
8377
8377
8379
8381
8381
8382
8383
8385
8385
8386
8386
8386
8386
8387
8388
8388
8392
8394
8394
8395
8395
8396
8397
8400
8400
8401
8401
8401
8403
8404
8404
8404
8405
8406
8407
8407
8408
8411
8411
8411
8418
8419
8419
8421
8422
8423
8424
8426
8427
8427
8427
8428
8429
8431
8433
8433
8436
8436
8439
8439
8441
8444
8444
8445
8448
8448
8453
8454
8456
8458
8462
8462
8465
8467
8467
8468
8469
8469
8469
8469
8471
8471
8473
8475
8478
8478
8479
8480
8481
8484
8484
8485
8486
8486
8487
8487
8488
8489
8490
8490
8493
8495
8496
8497
8499
8499
8500
8500
8501
8501
8502
8504
8504
8506
8506
8507
8507
8509
8512
8513
8515
8516
8517
8519
8520
8521
8522
8523
8528
8529
8529
8532
8534
8534
8534
8535
8536
8536
8536
8537
8537
8538
8539
8541
8541
8542
8546
8547
8548
8549
8550
8556
8557
8557
8559
8561
8562
8563
8563
8563
8563
8566
8570
8571
8571
8572
8573
8573
8575
8576
8576
8576
8578
8579
8579
8580
8583
8583
8585
8586
8589
8589
8590
8590
8594
8594
8595
8595
8596
8596
8596
8599
8603
8603
8604
8606
8606
8606
8608
8609
8610
8611
8612
8614
8614
8615
8616
8617
8617
8623
8623
8625
8625
8628
8629
8629
8632
8633
8633
8635
8637
8639
8640
8640
8640
8642
8642
8642
8643
8645
8645
8648
8648
8648
8649
8649
8650
8651
8652
8652
8653
8653
8653
8653
8654
8654
8655
8655
8655
8656
8656
8657
8659
8660
8661
8661
8662
8664
8665
8665
8666
8669
8670
8670
8671
8673
8673
8674
8674
8674
8676
8676
8677
8677
8677
8678
8678
8679
8679
8679
8679
8680
8682
8684
8686
8686
8690
8691
8693
8696
8697
8697
8697
8698
8699
8700
8702
8705
8706
8710
8711
8712
8714
8716
8716
8717
8717
8721
8721
8721
8722
8723
8723
8726
8728
8729
8730
8730
8731
8734
8736
8739
8740
8740
8740
8740
8743
8743
8745
8746
8746
8748
8748
8748
8749
8749
8750
8753
8753
8756
8757
8757
8757
8757
8758
8760
8761
8762
8762
8762
8763
8763
8763
8763
8764
8769
8770
8770
8772
8772
8772
8773
8775
8775
8776
8776
8777
8779
8779
8779
8780
8781
8782
8782
8782
8782
8783
8783
8783
8783
8785
8786
8788
8789
8792
8793
8794
8794
8795
8796
8796
8797
8799
8799
8800
8801
8805
8806
8806
8807
8807
8808
8808
8808
8810
8812
8814
8815
8816
8817
8818
8818
8818
8818
8819
8819
8821
8821
8821
8821
8821
8821
8822
8822
8823
8823
8823
8827
8828
8828
8828
8829
8831
8833
8836
8836
8837
8837
8838
8843
8844
8844
8844
8847
8849
8850
8851
8852
8853
8855
8856
8858
8859
8860
8862
8865
8865
8865
8867
8868
8868
8869
8871
8872
8872
8875
8875
8876
8876
8876
8879
8879
8880
8881
8882
8882
8883
8883
8884
8885
8886
8889
8890
8890
8891
8895
8897
8903
8903
8904
8904
8905
8905
8906
8906
8910
8910
8912
8913
8913
8914
8914
8914
8916
8917
8919
8920
8921
8921
8922
8923
8923
8925
8925
8925
8927
8927
8927
8928
8928
8928
8929
8930
8932
8932
8932
8933
8935
8935
8935
8939
8942
8942
8943
8945
8948
8951
8953
8953
8954
8954
8954
8954
8957
8958
8958
8959
8960
8961
8961
8964
8965
8965
8967
8967
8968
8971
8972
8974
8979
8979
8982
8982
8984
8986
8987
8987
8988
8990
8990
8990
8990
8992
8992
8992
8994
8994
8994
8995
8997
8998
9003
9003
9005
9007
9008
9008
9010
9010
9013
9013
9014
9014
9015
9016
9017
9018
9020
9020
9021
9022
9022
9022
9024
9025
9027
9029
9029
9030
9030
9033
9033
9034
9035
9037
9037
9039
9039
9039
9041
9041
9041
9042
9044
9045
9045
9045
9046
9048
9049
9052
9052
9054
9057
9061
9063
9064
9064
9065
9066
9067
9068
9069
9071
9072
9072
9073
9074
9077
9077
9078
9079
9081
9081
9082
9082
9083
9083
9084
9084
9085
9085
9085
9086
9086
9086
9087
9087
9088
9089
9090
9092
9092
9094
9095
9096
9096
9097
9099
9100
9101
9101
9101
9101
9102
9103
9110
9110
9111
9114
9114
9114
9114
9115
9116
9116
9119
9119
9120
9122
9125
9126
9128
9129
9130
9130
9130
9132
9133
9133
9134
9134
9135
9135
9135
9136
9140
9141
9141
9141
9142
9142
9145
9145
9146
9147
9149
9150
9150
9151
9154
9154
9157
9157
9159
9162
9163
9164
9166
9166
9167
9168
9172
9174
9174
9174
9175
9176
9176
9176
9176
9177
9177
9177
9178
9179
9179
9179
9183
9183
9184
9184
9187
9189
9189
9189
9190
9190
9191
9192
9194
9196
9197
9198
9199
9199
9199
9202
9203
9204
9205
9205
9206
9208
9208
9209
9212
9213
9214
9215
9216
9216
9216
9218
9219
9219
9220
9220
9221
9221
9222
9223
9223
9224
9226
9226
9229
9231
9231
9233
9233
9235
9235
9237
9239
9239
9239
9240
9241
9244
9244
9245
9245
9245
9245
9246
9247
9249
9249
9254
9258
9258
9259
9260
9260
9261
9262
9263
9263
9264
9265
9266
9266
9267
9268
9269
9269
9269
9270
9271
9272
9273
9273
9274
9275
9275
9275
9276
9276
9277
9277
9277
9278
9278
9279
9279
9282
9283
9284
9284
9286
9286
9287
9287
9288
9292
9292
9293
9296
9297
9297
9297
9301
9303
9304
9304
9306
9306
9307
9308
9308
9309
9311
9311
9314
9314
9315
9315
9317
9317
9319
9320
9321
9323
9324
9325
9325
9325
9326
9327
9327
9329
9330
9331
9331
9334
9335
9335
9336
9338
9338
9340
9341
9341
9342
9342
9343
9345
9345
9345
9346
9347
9349
9349
9350
9350
9351
9355
9355
9356
9360
9360
9360
9361
9361
9363
9363
9364
9365
9366
9366
9366
9366
9367
9368
9369
9375
9376
9377
9378
9378
9378
9379
9379
9380
9381
9381
9384
9385
9385
9389
9389
9391
9391
9391
9393
9394
9394
9395
9395
9395
9396
9397
9398
9398
9398
9400
9400
9400
9400
9401
9401
9401
9401
9402
9402
9403
9404
9405
9406
9407
9408
9409
9411
9411
9413
9413
9414
9415
9415
9416
9416
9417
9422
9423
9423
9424
9424
9427
9427
9427
9428
9430
9430
9432
9435
9437
9437
9437
9438
9438
9439
9439
9440
9441
9443
9443
9443
9443
9444
9444
9444
9446
9447
9448
9449
9449
9450
9451
9453
9454
9466
9466
9467
9468
9468
9469
9469
9471
9471
9471
9473
9474
9474
9475
9475
9475
9476
9477
9477
9477
9478
9478
9478
9479
9479
9481
9481
9486
9486
9487
9488
9490
9490
9493
9496
9496
9497
9497
9498
9500
9501
9502
9503
9504
9505
9508
9508
9508
9509
9511
9511
9511
9512
9513
9515
9515
9516
9516
9517
9517
9518
9518
9519
9519
9522
9526
9528
9528
9529
9529
9529
9529
9530
9530
9531
9532
9532
9534
9534
9535
9536
9537
9539
9540
9540
9541
9541
9543
9543
9543
9544
9546
9547
9549
9549
9551
9552
9553
9554
9554
9554
9556
9558
9559
9559
9560
9562
9564
9566
9566
9567
9568
9568
9568
9569
9571
9572
9574
9574
9575
9576
9576
9577
9577
9578
9578
9578
9578
9579
9579
9582
9584
9585
9586
9587
9587
9587
9588
9589
9589
9591
9592
9593
9595
9596
9596
9596
9597
9597
9598
9598
9598
9598
9598
9599
9602
9602
9605
9606
9606
9608
9610
9613
9613
9614
9616
9616
9617
9617
9618
9618
9619
9620
9620
9620
9622
9623
9624
9626
9627
9628
9629
9629
9630
9631
9632
9634
9634
9635
9636
9637
9637
9638
9639
9639
9643
9643
9643
9644
9645
9645
9646
9646
9648
9649
9651
9652
9652
9652
9652
9653
9655
9656
9656
9656
9658
9659
9659
9661
9661
9662
9664
9668
9671
9671
9671
9672
9672
9675
9675
9675
9676
9678
9679
9679
9682
9683
9683
9684
9685
9686
9688
9689
9689
9690
9690
9690
9690
9690
9692
9692
9693
9696
9697
9698
9699
9700
9703
9704
9704
9704
9705
9705
9705
9709
9712
9713
9715
9716
9716
9717
9718
9718
9720
9720
9721
9721
9722
9722
9722
9723
9724
9727
9728
9729
9731
9731
9732
9733
9733
9735
9735
9736
9738
9739
9742
9743
9743
9744
9746
9749
9749
9750
9753
9754
9755
9755
9755
9757
9759
9760
9760
9761
9763
9765
9765
9766
9767
9767
9767
9768
9769
9770
9770
9770
9770
9775
9776
9776
9776
9778
9778
9778
9779
9780
9782
9783
9783
9784
9786
9786
9788
9789
9792
9793
9794
9795
9795
9796
9797
9799
9799
9801
9802
9802
9803
9805
9806
9806
9807
9807
9809
9810
9811
9811
9814
9814
9814
9816
9816
9816
9816
9816
9816
9818
9818
9818
9818
9819
9820
9821
9824
9827
9827
9827
9831
9832
9834
9836
9837
9838
9838
9839
9839
9840
9840
9840
9842
9842
9844
9846
9846
9848
9849
9850
9851
9851
9851
9852
9854
9854
9854
9854
9858
9859
9862
9862
9862
9863
9863
9864
9864
9865
9866
9867
9867
9869
9871
9872
9874
9875
9876
9876
9876
9877
9878
9878
9879
9881
9882
9882
9882
9885
9886
9886
9889
9891
9894
9896
9896
9897
9897
9897
9897
9898
9899
9899
9900
9901
9902
9903
9903
9903
9903
9904
9904
9905
9906
9906
9906
9908
9908
9908
9909
9909
9911
9912
9913
9914
9915
9916
9917
9919
9919
9920
9920
9920
9922
9923
9923
9924
9925
9929
9929
9929
9929
9930
9930
9932
9932
9933
9935
9938
9939
9940
9940
9940
9941
9942
9943
9943
9944
9946
9949
9950
9950
9951
9951
9953
9955
9955
9957
9957
9958
9959
9959
9961
9963
9963
9964
9965
9966
9966
9967
9972
9973
9974
9974
9974
9975
9975
9975
9979
9980
9980
9981
9981
9983
9984
9985
9985
9985
9986
9987
9989
9990
9990
9991
9991
9992
9992
9994
9997
9997
9997
9999
10000
